-6.30847101555580269672e-03
6.64880767533488443652e-04
5.36534190487838904930e-04
7.13493809561182440460e-03
-1.18585135070560544757e-02
5.76273225446772251190e-03
7.45864181482329760553e-04
3.30060319666678186196e-03
-9.68368046418137569387e-03
4.71614277898430630381e-03
6.25298605845999236341e-03
-7.09841870160854340049e-03
-8.74180652917988781220e-04
4.08832142438079375671e-04
1.12829983563801534985e-02
-1.62325205782165304935e-02
6.57489497341406242681e-03
6.79640850224126581366e-04
7.19433826299124227349e-03
-1.52094217313058152619e-02
5.83698693815004349822e-03
9.21141842333318520974e-03
-7.73577912977220331914e-03
-3.72459819694223592812e-03
-2.26044533869757490168e-04
1.87624713624105904364e-02
-2.36049096680116948788e-02
7.76868636828723785337e-03
-6.13534691376325691151e-06
1.53749202089516340264e-02
-2.60276594757008344905e-02
7.74679831964734163380e-03
1.49749107112813750753e-02
-8.18313695198825963306e-03
-1.02761221781124990893e-02
-2.42557576000387072751e-03
3.73009555283497426514e-02
-4.19186373422127944721e-02
1.08852576480293165850e-02
-3.21311465881856262589e-03
4.19799339350960393213e-02
-6.22691321413419429653e-02
1.44005701664507660548e-02
3.75579944596217407682e-02
-8.41377235532499503923e-03
-4.64671856755861506505e-02
-2.01477191122245991028e-02
2.11081829715086377597e-01
-3.13642518444287810020e-01
1.53222877530109352628e-01
1.53222877530109352628e-01
-3.13642518444287810020e-01
2.11081829715086377597e-01
-2.01477191122245991028e-02
-4.64671856755861506505e-02
-8.41377235532499503923e-03
3.75579944596217407682e-02
1.44005701664507660548e-02
-6.22691321413419429653e-02
4.19799339350960393213e-02
-3.21311465881856262589e-03
1.08852576480293165850e-02
-4.19186373422127944721e-02
3.73009555283497426514e-02
-2.42557576000387072751e-03
-1.02761221781124990893e-02
-8.18313695198825963306e-03
1.49749107112813750753e-02
7.74679831964734163380e-03
-2.60276594757008344905e-02
1.53749202089516340264e-02
-6.13534691376325691151e-06
7.76868636828723785337e-03
-2.36049096680116948788e-02
1.87624713624105904364e-02
-2.26044533869757490168e-04
-3.72459819694223592812e-03
-7.73577912977220331914e-03
9.21141842333318520974e-03
5.83698693815004349822e-03
-1.52094217313058152619e-02
7.19433826299124227349e-03
6.79640850224126581366e-04
6.57489497341406242681e-03
-1.62325205782165304935e-02
1.12829983563801534985e-02
4.08832142438079375671e-04
-8.74180652917988781220e-04
-7.09841870160854340049e-03
6.25298605845999236341e-03
4.71614277898430630381e-03
-9.68368046418137569387e-03
3.30060319666678186196e-03
7.45864181482329760553e-04
5.76273225446772251190e-03
-1.18585135070560544757e-02
7.13493809561182440460e-03
5.36534190487838904930e-04
6.64880767533488443652e-04
-6.30847101555580269672e-03
