-1.55418339998094885788e-04
1.65693250105598084351e-03
-1.41098607251822789205e-03
8.58513837069375170680e-04
8.24495355927836078014e-03
7.65515282049528643371e-03
-4.35204259862813531978e-03
-1.26447927052573197426e-02
-6.14405318257334534526e-03
4.60911383234836099371e-03
5.12166730189059313944e-03
2.14619560611221114107e-04
2.90344217243696271422e-03
8.73562285158159534948e-03
2.37315907188070333161e-03
-1.29062313357303642958e-02
-1.55486637537360673778e-02
1.92197974798313239242e-04
1.31300698535623712460e-02
8.17671201785225183756e-03
-9.53495916254934071030e-04
1.87406181473442337224e-03
5.84783901997918374727e-03
-5.97057289714766469685e-03
-2.08670614921604297143e-02
-1.22349493925927692295e-02
1.42397794527917131296e-02
2.38862756769292472470e-02
6.38163204460017331049e-03
-8.82199287522500256997e-03
-3.07328655402927444079e-03
1.03594874421383343135e-03
-1.54252506601224408100e-02
-2.53892728548942465949e-02
2.02399964225935145509e-03
3.96880772213683841176e-02
3.39211788306961609107e-02
-9.98418995015225990697e-03
-3.13108160850214117810e-02
-1.09606774678401054646e-02
-8.66914814154764535106e-04
-2.61098088348629825406e-02
-2.47495330121694570580e-02
4.88433547052101735275e-02
1.10801096802493531657e-01
3.99915608613005402194e-02
-1.21388560081104324162e-01
-1.73729446594575953622e-01
-1.92139279393899048420e-02
1.76313044809447927452e-01
1.76313044809447927452e-01
-1.92139279393899048420e-02
-1.73729446594575953622e-01
-1.21388560081104324162e-01
3.99915608613005402194e-02
1.10801096802493531657e-01
4.88433547052101735275e-02
-2.47495330121694570580e-02
-2.61098088348629825406e-02
-8.66914814154764535106e-04
-1.09606774678401054646e-02
-3.13108160850214117810e-02
-9.98418995015225990697e-03
3.39211788306961609107e-02
3.96880772213683841176e-02
2.02399964225935145509e-03
-2.53892728548942465949e-02
-1.54252506601224408100e-02
1.03594874421383343135e-03
-3.07328655402927444079e-03
-8.82199287522500256997e-03
6.38163204460017331049e-03
2.38862756769292472470e-02
1.42397794527917131296e-02
-1.22349493925927692295e-02
-2.08670614921604297143e-02
-5.97057289714766469685e-03
5.84783901997918374727e-03
1.87406181473442337224e-03
-9.53495916254934071030e-04
8.17671201785225183756e-03
1.31300698535623712460e-02
1.92197974798313239242e-04
-1.55486637537360673778e-02
-1.29062313357303642958e-02
2.37315907188070333161e-03
8.73562285158159534948e-03
2.90344217243696271422e-03
2.14619560611221114107e-04
5.12166730189059313944e-03
4.60911383234836099371e-03
-6.14405318257334534526e-03
-1.26447927052573197426e-02
-4.35204259862813531978e-03
7.65515282049528643371e-03
8.24495355927836078014e-03
8.58513837069375170680e-04
-1.41098607251822789205e-03
1.65693250105598084351e-03
-1.55418339998094885788e-04
